37
38
56
57
58
59
60
61
77
78
79
80
81
82
83
97
98
99
100
101
102
103
104
109
110
111
112
118
119
120
121
122
123
124
125
129
130
131
132
133
134
139
140
141
142
143
144
145
146
149
150
151
152
153
154
155
156
160
161
162
163
164
165
166
170
171
172
173
174
175
176
177
181
182
183
184
185
186
191
192
193
194
195
196
197
198
201
202
203
204
205
206
207
212
213
214
215
216
217
218
219
220
221
222
223
224
225
226
227
228
235
236
237
238
239
240
241
242
243
244
245
246
247
248
249
257
258
259
260
261
262
263
264
265
266
267
268
269
270
278
279
280
281
282
283
284
285
286
287
288
289
290
291
300
301
302
303
304
305
306
307
308
309
310
311
312
313
321
322
323
324
325
328
329
330
331
332
333
334
344
345
350
351
352
353
354
355
371
372
373
374
375
376
393
394
395
396
397
416
417