20
21
22
23
24
19
20
21
22
23
24
25
18
19
20
21
22
23
24
25
26
18
19
20
21
22
23
24
25
26
27
7
8
17
18
19
20
21
22
23
24
25
26
27
4
5
6
7
8
9
10
17
18
19
20
21
22
23
24
25
26
3
4
5
6
7
8
9
10
11
17
18
19
20
21
22
23
24
25
26
3
4
5
6
7
8
9
10
11
17
18
19
20
21
22
23
24
25
2
3
4
5
6
7
8
9
10
11
12
17
18
19
20
21
22
23
24
25
2
3
4
5
6
7
8
9
10
11
12
17
18
19
20
21
22
23
24
2
3
4
5
6
7
8
9
10
11
12
16
17
18
19
20
21
22
23
24
3
4
5
6
7
8
9
10
11
12
13
16
17
18
19
20
21
22
23
24
3
4
5
6
7
8
9
10
11
12
13
14
15
16
17
18
19
20
21
22
23
24
5
6
7
8
9
10
11
12
13
14
15
16
17
18
19
20
21
22
23
24
7
8
9
10
11
12
13
14
15
16
17
18
19
20
21
22
23
24
7
8
9
10
11
12
13
14
15
16
17
18
19
20
21
22
23
24
7
8
9
10
11
12
13
14
15
16
17
18
19
20
21
22
23
24
8
9
10
11
12
13
14
15
16
17
18
19
20
21
22
23
24
25
8
9
10
11
12
13
14
16
17
18
19
20
21
22
23
24
25
9
10
11
12
13
18
19
20
21
22
23
24
25
26
18
19
20
21
22
23
24
25
26
19
20
21
22
23
24
25
26
20
21
22
23
24
25
21
22
23
24