27
28
29
30
31
32
26
27
28
29
30
31
32
33
34
25
26
27
28
29
30
31
32
33
34
35
24
25
26
27
28
29
30
31
32
33
34
35
24
25
26
27
28
29
30
31
32
33
34
35
36
23
24
25
26
27
28
29
30
31
32
33
34
35
36
7
8
9
10
11
12
23
24
25
26
27
28
29
30
31
32
33
34
35
36
6
7
8
9
10
11
12
13
14
23
24
25
26
27
28
29
30
31
32
33
34
35
36
5
6
7
8
9
10
11
12
13
14
15
23
24
25
26
27
28
29
30
31
32
33
34
35
4
5
6
7
8
9
10
11
12
13
14
15
23
24
25
26
27
28
29
30
31
32
33
34
35
4
5
6
7
8
9
10
11
12
13
14
15
23
24
25
26
27
28
29
30
31
32
33
34
3
4
5
6
7
8
9
10
11
12
13
14
15
16
23
24
25
26
27
28
29
30
31
32
33
3
4
5
6
7
8
9
10
11
12
13
14
15
16
22
23
24
25
26
27
28
29
30
31
32
33
3
4
5
6
7
8
9
10
11
12
13
14
15
16
22
23
24
25
26
27
28
29
30
31
32
3
4
5
6
7
8
9
10
11
12
13
14
15
16
17
22
23
24
25
26
27
28
29
30
31
32
4
5
6
7
8
9
10
11
12
13
14
15
16
17
18
20
21
22
23
24
25
26
27
28
29
30
31
32
4
5
6
7
8
9
10
11
12
13
14
15
16
17
18
19
20
21
22
23
24
25
26
27
28
29
30
31
32
6
7
8
9
10
11
12
13
14
15
16
17
18
19
20
21
22
23
24
25
26
27
28
29
30
31
32
8
9
10
11
12
13
14
15
16
17
18
19
20
21
22
23
24
25
26
27
28
29
30
31
32
9
10
11
12
13
14
15
16
17
18
19
20
21
22
23
24
25
26
27
28
29
30
31
32
9
10
11
12
13
14
15
16
17
18
19
20
21
22
23
24
25
26
27
28
29
30
31
32
33
9
10
11
12
13
14
15
16
17
18
19
20
21
22
23
24
25
26
27
28
29
30
31
32
33
10
11
12
13
14
15
16
17
18
19
20
21
22
23
24
25
26
27
28
29
30
31
32
33
10
11
12
13
14
15
16
17
18
19
20
21
22
23
24
25
26
27
28
29
30
31
32
33
34
11
12
13
14
15
16
17
18
19
20
21
22
23
24
25
26
27
28
29
30
31
32
33
34
12
13
14
15
16
17
18
23
24
25
26
27
28
29
30
31
32
33
34
35
13
14
15
16
24
25
26
27
28
29
30
31
32
33
34
35
24
25
26
27
28
29
30
31
32
33
34
35
25
26
27
28
29
30
31
32
33
34
35
26
27
28
29
30
31
32
33
34
27
28
29
30
31
32
33
34
28
29
30
31
32
33