26
23
24
25
26
27
28
29
22
23
24
25
26
27
28
29
30
21
22
23
24
25
26
27
28
29
30
31
21
22
23
24
25
26
27
28
29
30
31
20
21
22
23
24
25
26
27
28
29
30
31
6
7
8
9
10
11
20
21
22
23
24
25
26
27
28
29
30
31
4
5
6
7
8
9
10
11
12
20
21
22
23
24
25
26
27
28
29
30
31
4
5
6
7
8
9
10
11
12
13
20
21
22
23
24
25
26
27
28
29
30
3
4
5
6
7
8
9
10
11
12
13
20
21
22
23
24
25
26
27
28
29
30
3
4
5
6
7
8
9
10
11
12
13
14
20
21
22
23
24
25
26
27
28
29
3
4
5
6
7
8
9
10
11
12
13
14
20
21
22
23
24
25
26
27
28
3
4
5
6
7
8
9
10
11
12
13
14
19
20
21
22
23
24
25
26
27
28
3
4
5
6
7
8
9
10
11
12
13
14
15
19
20
21
22
23
24
25
26
27
28
4
5
6
7
8
9
10
11
12
13
14
15
16
17
18
19
20
21
22
23
24
25
26
27
28
4
5
6
7
8
9
10
11
12
13
14
15
16
17
18
19
20
21
22
23
24
25
26
27
28
7
8
9
10
11
12
13
14
15
16
17
18
19
20
21
22
23
24
25
26
27
28
8
9
10
11
12
13
14
15
16
17
18
19
20
21
22
23
24
25
26
27
28
8
9
10
11
12
13
14
15
16
17
18
19
20
21
22
23
24
25
26
27
28
8
9
10
11
12
13
14
15
16
17
18
19
20
21
22
23
24
25
26
27
28
29
9
10
11
12
13
14
15
16
17
18
19
20
21
22
23
24
25
26
27
28
29
9
10
11
12
13
14
15
16
17
18
19
20
21
22
23
24
25
26
27
28
29
30
10
11
12
13
14
15
16
20
21
22
23
24
25
26
27
28
29
30
11
12
13
14
21
22
23
24
25
26
27
28
29
30
21
22
23
24
25
26
27
28
29
30
22
23
24
25
26
27
28
29
30
23
24
25
26
27
28
29
30
24
25
26
27
28
29
26
27